held flat 10 0 0 0 0 0 0 1 0 0 0 0 0 1.2 0 0 0 1 0
flight_stop flat 3 0 0.168 0 4.2 1 0 0 0 0 0 0 0 0 0.48 0 1.8 0 0
diagonal flat 1 0 0 0 0 0 0 1 1 0 0 0 0 0.0848528137423857 0 0.0848528137423857 0 0.7071067811865475 0.7071067811865475
epsilon flat 1 0 0 0 0 1 0 0.0000001 0 0 0 0 0 0 0 0 0 0 0
clamp flat 1 127.95 0 0 0 0 0 1 0 0 0 0 0 128 0 0 0 1 0
jump flat 1 0 0 0 0 0 0 0 0 1 0 0 0 0 0.168 0 4.2 0 0
air_jump flat 1 0 0.48 0 1.8 0 0 0 0 1 0 0 0 0 0.52 0 1 0 0
landing flat 1 0 0.01 0 -1 0 0 0 0 0 0 0 0 0 0 0 0 0 0
ramp ramp 10 0 0 0 0 0 0 1 0 0 0 0 0 1.2 0.6 0 0 1 0
edge edge 1 0.95 0 0.5 0 0 0 1 0 0 0 0 0 1.0000000004 0 0.5 0 1 0
hole hole 1 0.5 0 0.5 0 1 0 1 0 0 0 0 0 0.62 0 0.5 0 1 0
stack_tie stack 1 0 1 0 0 0 0 0 0 0 0 0 0 0 0.968 0 -0.8 0 0
stack_upper stack 1 0 2 0 0 0 0 1 0 0 0 0 0 0.12 2 0 0 1 0
step_reject step 1 -0.06 0 0 0 0 0 1 0 0 0 0 0 -0.06 0 0 0 1 0
root_jump flat 1 0 0 0 0 0 0 1 0 1 1 10 0 0 0.168 0 4.2 0 0
root_expiry flat 3 0 0 0 0 0 0 1 0 0 1 2 1 0.12 0 0 0 1 0
interrupt_grace flat 1 0 0 0 0 0 0 1 0 0 2 8 0 0.12 0 0 0 1 0
interrupt_cancel flat 1 0 0 0 0 0 0 1 0 0 2 9 0 0.12 0 0 0 1 0
long_flat flat 1000 0 0 0 0 0 0 1 0 0 0 0 0 120 0 0 0 1 0
long_ramp ramp 1000 0 0 0 0 0 0 1 0 0 0 0 0 2 1 0 0 1 0
